10.0
10.0
10.0
10.0
10.0
10.0
10.0
10.0
10.0
10.0
15.0
15.0
15.0
15.0
15.0
15.0
15.0
15.0
15.0
15.0
20.0
20.0
20.0
20.0
20.0
20.0
20.0
20.0
20.0
20.0
20.0
20.0
25.0
25.0
25.0
25.0
25.0
25.0
25.0
25.0
25.0
25.0
29.8
29.8
30.2
30.2
30.0
30.0
30.0
30.0
30.0
30.0
34.8
34.8
35.0
35.0
35.0
35.0
35.0
35.0
35.2
35.2
39.8
39.8
39.2
39.2
40.8
40.8
40.0
40.0
40.0
40.0
44.8
44.8
45.0
45.0
39.6
39.6
45.2
45.2
47.2
47.2
49.8
49.8
45.8
45.8
39.4
39.4
46.4
46.4
46.8
46.8
27.8
27.8
48.8
48.8
46.0
46.0
49.8
49.8
45.8
45.8
43.2
43.2
23.2
23.2
47.4
47.4
48.8
48.8
49.2
49.2